  1  .  [[430000, 1174250], [470000, 1220500]]    1802.04125  Shetland Islands (Yell & Unst)     [[430000,1175000],[451300,1175000],[451750,1174625],[452000,1174500],[453000,1174250],[453500,1174300],[454000,1174600],[454300,1175000],[470000,1175000],[470000,1220000],[462400,1220000],[461500,1220500],[461200,1220500],[460600,1220000],[430000,1220000],[430000,1175000]]
  2  .  [[409325, 1144800], [450750, 1190000]]    1801.44375  Shetland Islands (North Mainland)  [[410000,1145000],[430950,1145000],[430950,1144950],[431075,1144875],[431200,1145000],[431400,1145000],[431500,1144825],[431625,1144825],[431725,1144800],[431900,1145000],[450000,1145000],[450000,1153000],[450300,1153500],[450750,1154000],[450500,1154500],[450000,1154600],[450000,1190000],[410000,1190000],[410000,1165900],[409600,1165500],[409375,1165000],[409325,1164750],[409575,1164550],[410000,1164200],[410000,1145000]]
  3  .  [[429100, 1130000], [470850, 1175450]]    1803.45375  Shetland Islands (Lerwick)         [[430000,1130000],[470000,1130000],[470000,1171100],[470400,1171200],[470825,1171450],[470850,1171800],[470500,1172300],[470000,1172400],[470000,1175000],[453400,1175000],[453100,1175300],[452900,1175450],[452700,1175450],[452200,1175300],[452000,1175000],[430000,1175000],[430000,1174000],[429250,1173700],[429100,1173000],[429525,1172000],[429550,1171000],[429400,1170700],[429500,1170450],[430000,1170200],[430000,1130000]]
  4  .  [[420000, 1105000], [460000, 1150000]]          1800  Shetland Islands (South Mainland)  [[420000,1105000],[460000,1105000],[460000,1150000],[420000,1150000],[420000,1105000]]
  4  a  [[392000, 1135000], [400000, 1143000]]            64  -                                  [[392000,1135000],[400000,1135000],[400000,1143000],[392000,1143000],[392000,1135000]]
  4  b  [[417000, 1068000], [425000, 1076000]]            64  -                                  [[417000,1068000],[425000,1068000],[425000,1076000],[417000,1076000],[417000,1068000]]
  5  .  [[338700, 1014500], [379400, 1060000]]    1801.42725  Orkney Islands (North)             [[339000,1015000],[347800,1015000],[348200,1014650],[348700,1014650],[348720,1014900],[349100,1015000],[351700,1015000],[351900,1014700],[352200,1014500],[353200,1014800],[353600,1015000],[379000,1015000],[379000,1042950],[379100,1043000],[379350,1044000],[379400,1044350],[379000,1044800],[379000,1060000],[339000,1060000],[339000,1050400],[338700,1050200],[338800,1049800],[339000,1049400],[339000,1015000]]
  6  .  [[321000, 995000], [362375, 1041160]]      1808.4765  Orkney Islands (Kirkwall)          [[321000,995000],[361000,995000],[361000,1000000],[362375,1001800],[362375,1002900],[361500,1003200],[361000,1004000],[361000,1040000],[359300,1040000],[359000,1040450],[358000,1041000],[357100,1041160],[356900,1041160],[356000,1041000],[354700,1040000],[346000,1040000],[345000,1040800],[344600,1040830],[344400,1040830],[343750,1040600],[342850,1040000],[321000,1040000],[321000,995000]]
  6  a  [[261000, 1023000], [264000, 1025000]]             6  -                                  [[261000,1023000],[264000,1023000],[264000,1025000],[261000,1025000],[261000,1023000]]
  6  b  [[255000, 1017000], [258000, 1019000]]             6  -                                  [[255000,1017000],[258000,1017000],[258000,1019000],[255000,1019000],[255000,1017000]]
  7  .  [[309800, 961000], [351100, 1006000]]      1801.7344  Pentland Firth                     [[310000,961000],[350000,961000],[350000,994400],[350330,995000],[350660,996000],[351100,996780],[350500,997000],[350000,997400],[350000,1006000],[310000,1006000],[310000,970400],[309850,970370],[309800,970000],[309820,969700],[310000,969100],[310000,961000]]
  8  .  [[116100, 925000], [158000, 970000]]       1808.5925  Isle of Lewis (Stornoway)          [[118000,925000],[158000,925000],[158000,970000],[118000,970000],[118000,945200],[117000,944700],[116100,943300],[116500,942000],[116600,941000],[116800,940000],[117300,939000],[118000,937850],[118000,925000]]
  8  a  [[159000, 1028000], [164000, 1033000]]            25  -                                  [[159000,1028000],[164000,1028000],[164000,1033000],[159000,1033000],[159000,1028000]]
  8  b  [[179000, 1030000], [184000, 1035000]]            25  -                                  [[179000,1030000],[184000,1030000],[184000,1035000],[179000,1035000],[179000,1030000]]
  9  .  [[210000, 935000], [250000, 980000]]            1800  Cape Wrath                         [[210000,935000],[250000,935000],[250000,980000],[210000,980000],[210000,935000]]
 10  .  [[250000, 935000], [290000, 980000]]            1800  Tongue                             [[250000,935000],[290000,935000],[290000,980000],[250000,980000],[250000,935000]]
 11  .  [[290000, 935000], [330000, 980000]]            1800  Thurso                             [[290000,935000],[330000,935000],[330000,980000],[290000,980000],[290000,935000]]
 12  .  [[90000, 900000], [130000, 945000]]             1800  Isle of Lewis & North Harris       [[90000,900000],[130000,900000],[130000,945000],[90000,945000],[90000,900000]]
 12  a  [[67000, 944000], [76000, 948000]]                36  -                                  [[67000,944000],[76000,944000],[76000,948000],[67000,948000],[67000,944000]]
 12  b  [[86000, 910000], [90000, 913000]]                12  -                                  [[86000,910000],[90000,910000],[90000,913000],[86000,913000],[86000,910000]]
 13  .  [[194700, 900000], [235000, 945000]]        1800.305  Loch Inver & Loch Assynt           [[195000,900000],[235000,900000],[235000,945000],[195000,945000],[195000,910300],[194800,910000],[194700,909500],[194700,909300],[194800,909000],[195000,908850],[195000,900000]]
 14  .  [[235000, 900000], [275000, 945000]]            1800  Lairg                              [[235000,900000],[275000,900000],[275000,945000],[235000,945000],[235000,900000]]
 15  .  [[265000, 900000], [305000, 945000]]            1800  Helmsdale                          [[265000,900000],[305000,900000],[305000,945000],[265000,945000],[265000,900000]]
 16  .  [[300000, 916000], [340000, 961000]]            1800  Wick                               [[300000,916000],[340000,916000],[340000,961000],[300000,961000],[300000,916000]]
 17  .  [[63800, 858000], [105000, 903920]]       1804.55625  North Uist                         [[65000,858000],[105000,858000],[105000,903000],[104800,903000],[104500,903700],[104000,903920],[103000,903915],[102500,903900],[102000,903800],[101500,903600],[101000,903000],[65000,903000],[65000,868300],[64000,867600],[63800,867400],[63800,866800],[64800,866200],[65000,865800],[65000,858000]]
 17  a  [[5000, 896000], [17000, 907000]]                132  -                                  [[5000,896000],[17000,896000],[17000,907000],[5000,907000],[5000,896000]]
 17  b  [[59000, 880000], [64000, 884000]]                20  -                                  [[59000,880000],[64000,880000],[64000,884000],[59000,884000],[59000,880000]]
 18  .  [[105000, 880000], [145000, 925000]]            1800  Harris                             [[105000,880000],[145000,880000],[145000,925000],[105000,925000],[105000,880000]]
 19  .  [[170000, 864850], [210000, 910000]]       1800.0445  Gairloch                           [[170000,865000],[173000,865000],[173020,864900],[173100,864850],[173200,864870],[173500,865000],[210000,865000],[210000,910000],[170000,910000],[170000,865000]]
 20  .  [[194700, 865000], [235000, 910000]]        1800.275  Ullapool                           [[195000,865000],[235000,865000],[235000,910000],[195000,910000],[194800,910000],[194700,909500],[194700,909300],[194800,909000],[195000,908850],[195000,865000]]
 21  .  [[235000, 865000], [275000, 910000]]            1800  Bonar-Bridge                       [[235000,865000],[275000,865000],[275000,910000],[235000,910000],[235000,865000]]
 22  .  [[259750, 865000], [300000, 910000]]      1800.10375  Dornoch                            [[260000,865000],[300000,865000],[300000,910000],[260000,910000],[260000,890700],[259900,890650],[259750,890500],[259800,890300],[260000,890000],[260000,865000]]
 23  .  [[55000, 820000], [95000, 865000]]              1800  South Uist                         [[55000,820000],[95000,820000],[95000,865000],[55000,865000],[55000,820000]]
 24  .  [[112600, 835000], [153500, 880000]]      1802.11475  North Skye                         [[113000,835000],[153000,835000],[153000,857600],[153100,857700],[153400,857900],[153400,858100],[153100,858400],[153000,858600],[153000,861100],[153300,862000],[153500,862900],[153500,863100],[153000,863400],[153000,880000],[113000,880000],[113000,851200],[112600,850900],[112600,850700],[113000,850400],[113000,849350],[112650,849000],[112600,848000],[112730,847700],[112600,846900],[112750,846300],[113000,846100],[113000,835000]]
 25  .  [[140000, 820000], [180000, 865000]]            1800  Portree                            [[140000,820000],[180000,820000],[180000,865000],[140000,865000],[140000,820000]]
 26  .  [[175000, 820000], [215000, 865000]]            1800  Lochcarron                         [[175000,820000],[215000,820000],[215000,865000],[175000,865000],[175000,820000]]
 27  .  [[215000, 820000], [255000, 865000]]            1800  Strathpeffer                       [[215000,820000],[255000,820000],[255000,865000],[215000,865000],[215000,820000]]
 28  .  [[254900, 820000], [295000, 865000]]         1800.06  Inverness                          [[255000,820000],[295000,820000],[295000,865000],[255000,865000],[255000,859400],[254950,859350],[254900,859300],[254900,858750],[255000,858750],[255000,820000]]
 29  .  [[295000, 830000], [335000, 875000]]            1800  Elgin                              [[295000,830000],[335000,830000],[335000,875000],[295000,875000],[295000,830000]]
 30  .  [[335000, 830000], [375000, 875000]]            1800  Banff                              [[335000,830000],[375000,830000],[375000,875000],[335000,875000],[335000,830000]]
 31  .  [[375000, 829600], [415000, 875000]]       1800.3425  Peterhead                          [[375000,830000],[404400,830000],[404950,829600],[405150,829600],[405500,829700],[405700,830000],[415000,830000],[415000,875000],[375000,875000],[375000,830000]]
 32  .  [[50000, 775000], [90000, 820000]]              1800  Barra                              [[50000,775000],[90000,775000],[90000,820000],[50000,820000],[50000,775000]]
 33  .  [[113000, 790000], [153000, 835000]]            1800  Rhum and part of Skye              [[113000,790000],[153000,790000],[153000,835000],[113000,835000],[113000,790000]]
 34  .  [[135000, 775000], [175000, 820000]]            1800  South Skye & Arisaig               [[135000,775000],[175000,775000],[175000,820000],[135000,820000],[135000,775000]]
 35  .  [[175000, 775000], [215000, 820000]]            1800  Loch Arkaig                        [[175000,775000],[215000,775000],[215000,820000],[175000,820000],[175000,775000]]
 36  .  [[215000, 775000], [255000, 820000]]            1800  Fort Augustus                      [[215000,775000],[255000,775000],[255000,820000],[215000,820000],[215000,775000]]
 37  .  [[255000, 775000], [295000, 820000]]            1800  Kingussie                          [[255000,775000],[295000,775000],[295000,820000],[255000,820000],[255000,775000]]
 38  .  [[295000, 790000], [335000, 835000]]            1800  Grantown and Cairngorm             [[295000,790000],[335000,790000],[335000,835000],[295000,835000],[295000,790000]]
 39  .  [[325000, 790000], [365000, 835000]]            1800  Strathdon                          [[325000,790000],[365000,790000],[365000,835000],[325000,835000],[325000,790000]]
 40  .  [[365000, 790000], [405000, 835000]]            1800  Aberdeen                           [[365000,790000],[405000,790000],[405000,835000],[365000,835000],[365000,790000]]
 41  .  [[295000, 770000], [335000, 815000]]            1800  Braemar                            [[295000,770000],[335000,770000],[335000,815000],[295000,815000],[295000,770000]]
 42  .  [[325000, 770000], [365000, 815000]]            1800  Ballater                           [[325000,770000],[365000,770000],[365000,815000],[325000,815000],[325000,770000]]
 43  .  [[355000, 750000], [395000, 795000]]            1800  Stonehaven                         [[355000,750000],[395000,750000],[395000,795000],[355000,795000],[355000,750000]]
 44  .  [[89500, 730000], [133600, 775000]]          1834.21  Coll & Tiree                       [[93000,730000],[133000,730000],[133000,734300],[133500,734900],[133600,735200],[133600,735400],[133400,735800],[133000,736250],[133000,775000],[93000,775000],[93000,750000],[90000,750000],[90000,749000],[89600,748500],[89500,748300],[89500,748200],[89600,748000],[89900,747400],[90000,747300],[90000,739000],[93000,739000],[93000,730000]]
 45  .  [[132800, 730000], [173000, 775000]]        1800.232  Sound of Mull                      [[133000,730000],[173000,730000],[173000,775000],[133000,775000],[133000,747900],[132800,747300],[132800,746800],[133000,746080],[133000,730000]]
 46  .  [[173000, 730000], [213000, 775000]]            1800  Loch Linnhe                        [[173000,730000],[213000,730000],[213000,775000],[173000,775000],[173000,730000]]
 47  .  [[213000, 730000], [253000, 775000]]            1800  Glen Coe                           [[213000,730000],[253000,730000],[253000,775000],[213000,775000],[213000,730000]]
 48  .  [[253000, 730000], [293000, 775000]]            1800  Loch Tay                           [[253000,730000],[293000,730000],[293000,775000],[253000,775000],[253000,730000]]
 49  .  [[293000, 730000], [333000, 775000]]            1800  Blairgowrie                        [[293000,730000],[333000,730000],[333000,775000],[293000,775000],[293000,730000]]
 50  .  [[333000, 725000], [373750, 770000]]        1801.508  Forfar                             [[333000,725000],[373000,725000],[373000,754500],[373300,754900],[373500,755625],[373750,756300],[373700,756750],[373500,757155],[373250,757500],[373000,757800],[373000,770000],[333000,770000],[333000,725000]]
 51  .  [[122900, 685000], [165000, 730000]]     1816.630225  Iona & Colonsay                    [[125000,685000],[165000,685000],[165000,730000],[125000,730000],[125000,727665],[124750,727280],[123385,726500],[123100,726200],[123100,725900],[123200,725700],[123500,725500],[123900,725500],[124100,725200],[124100,723200],[123500,722000],[123250,721000],[123200,720000],[122900,719400],[122900,718900],[123200,718500],[124000,718350],[124700,718000],[124900,717900],[125000,717500],[125000,715900],[124800,715500],[124000,715000],[123000,714500],[123000,713900],[124000,713300],[124500,713000],[124800,712500],[125000,712000],[125000,685000]]
 52  .  [[165000, 685000], [205000, 730000]]            1800  Loch Awe                           [[165000,685000],[205000,685000],[205000,730000],[165000,730000],[165000,685000]]
 53  .  [[205000, 685000], [245000, 730000]]            1800  Loch Lomond                        [[205000,685000],[245000,685000],[245000,730000],[205000,730000],[205000,685000]]
 54  .  [[245000, 685000], [285000, 730120]]        1800.051  Stirling                           [[245000,685000],[285000,685000],[285000,730000],[255100,730000],[254950,730080],[254800,730120],[254700,730080],[254500,730080],[254400,730000],[245000,730000],[245000,685000]]
 55  .  [[285000, 685000], [325000, 730000]]            1800  Perth & Alloa                      [[285000,685000],[325000,685000],[325000,730000],[285000,730000],[285000,685000]]
 56  .  [[325000, 684500], [367000, 730350]]        1804.718  St Andrews and Kirkcaldy           [[325000,685000],[354800,685000],[354800,684900],[355600,684525],[356000,684500],[356200,684500],[357000,684750],[357500,685000],[365000,685000],[365000,698250],[366000,698330],[366500,698500],[367000,699000],[367000,699500],[366800,700000],[366000,700300],[365500,700400],[365000,700400],[365000,730000],[340500,730000],[340500,730180],[340300,730350],[339500,730130],[339300,730000],[325000,730000],[325000,685000]]
 57  .  [[114300, 639700], [155000, 685000]]       1800.6925  Islay                              [[115000,640000],[130500,640000],[131250,639700],[131400,639700],[132000,640000],[155000,640000],[155000,685000],[115000,685000],[115000,654400],[114500,654400],[114300,654100],[114500,653700],[115000,653600],[115000,640000]]
 58  .  [[155000, 640000], [195000, 685000]]            1800  Knapdale                           [[155000,640000],[195000,640000],[195000,685000],[155000,685000],[155000,640000]]
 59  .  [[195000, 640000], [235000, 685000]]            1800  Firth of Clyde                     [[195000,640000],[235000,640000],[235000,685000],[195000,685000],[195000,640000]]
 60  .  [[230000, 640000], [270000, 685000]]            1800  Glasgow                            [[230000,640000],[270000,640000],[270000,685000],[230000,685000],[230000,640000]]
 61  .  [[270000, 640000], [310000, 685000]]            1800  Falkirk & Lanark                   [[270000,640000],[310000,640000],[310000,685000],[270000,685000],[270000,640000]]
 62  .  [[310000, 640000], [350000, 686265]]     1801.893675  Edinburgh                          [[310000,640000],[350000,640000],[350000,686265],[349000,686265],[348710,686000],[348500,685550],[348000,685000],[310000,685000],[310000,640000]]
 63  .  [[350000, 640000], [390000, 685500]]      1801.19975  Dunbar                             [[350000,640000],[390000,640000],[390000,685000],[359050,685000],[359000,685050],[358400,685240],[358060,685200],[358000,685240],[357700,685200],[357100,685000],[356000,685000],[355600,685400],[355450,685500],[354400,685500],[353500,685000],[350000,685000],[350000,640000]]
 64  .  [[375000, 630000], [415000, 675000]]            1800  Berwick-upon-Tweed                 [[375000,630000],[415000,630000],[415000,675000],[375000,675000],[375000,630000]]
 65  .  [[155000, 600000], [195000, 645000]]            1800  Kintyre                            [[155000,600000],[195000,600000],[195000,645000],[155000,645000],[155000,600000]]
 66  .  [[180000, 615000], [220000, 660000]]            1800  Island of Arran                    [[180000,615000],[220000,615000],[220000,660000],[180000,660000],[180000,615000]]
 67  .  [[227080, 595000], [270000, 640000]]    1809.4892375  Ayr                                [[230000,595000],[270000,595000],[270000,640000],[227200,640000],[228000,639400],[228840,638900],[229260,638000],[229375,637710],[230000,637105],[230000,631500],[229900,631300],[229600,631000],[229000,630745],[228000,630495],[227300,630000],[227080,629500],[227100,629000],[227200,628700],[227500,628500],[228000,628525],[229000,628595],[229300,628595],[229800,628360],[230000,628100],[230000,595000]]
 68  .  [[270000, 595000], [310000, 640000]]            1800  Biggar                             [[270000,595000],[310000,595000],[310000,640000],[270000,640000],[270000,595000]]
 69  .  [[310000, 595000], [350000, 640000]]            1800  Selkirk                            [[310000,595000],[350000,595000],[350000,640000],[310000,640000],[310000,595000]]
 70  .  [[349850, 595000], [390000, 640000]]       1800.2675  Jedburgh                           [[350000,595000],[390000,595000],[390000,640000],[350000,640000],[350000,615150],[349900,615100],[349850,615000],[349850,613420],[349900,613300],[350000,613290],[350000,595000]]
 71  .  [[390000, 595000], [430000, 640000]]            1800  Alnwick                            [[390000,595000],[430000,595000],[430000,640000],[390000,640000],[390000,595000]]
 72  .  [[195000, 575000], [235000, 620000]]            1800  Girvan                             [[195000,575000],[235000,575000],[235000,620000],[195000,620000],[195000,575000]]
 73  .  [[230000, 550000], [270000, 595000]]            1800  New Galloway                       [[230000,550000],[270000,550000],[270000,595000],[230000,595000],[230000,550000]]
 74  .  [[270000, 550000], [310000, 595000]]            1800  Dumfries                           [[270000,550000],[310000,550000],[310000,595000],[270000,595000],[270000,550000]]
 75  .  [[293000, 550000], [333000, 595000]]            1800  Dumfries & Gretna                  [[293000,550000],[333000,550000],[333000,595000],[293000,595000],[293000,550000]]
 76  .  [[333000, 550000], [373000, 595000]]            1800  Carlisle                           [[333000,550000],[373000,550000],[373000,595000],[333000,595000],[333000,550000]]
 77  .  [[373000, 550000], [413000, 595000]]            1800  Hexham                             [[373000,550000],[413000,550000],[413000,595000],[373000,595000],[373000,550000]]
 78  .  [[403000, 550000], [443000, 595000]]            1800  Newcastle upon Tyne                [[403000,550000],[443000,550000],[443000,595000],[403000,595000],[403000,550000]]
 79  .  [[195000, 530000], [235000, 575000]]            1800  Stranraer                          [[195000,530000],[235000,530000],[235000,575000],[195000,575000],[195000,530000]]
 80  .  [[230000, 530000], [270000, 575000]]            1800  Kirkcudbright                      [[230000,530000],[270000,530000],[270000,575000],[230000,575000],[230000,530000]]
 81  .  [[270000, 530000], [310000, 575000]]            1800  Dalbeattie                         [[270000,530000],[310000,530000],[310000,575000],[270000,575000],[270000,530000]]
 82  .  [[293000, 505000], [333000, 550000]]            1800  Keswick                            [[293000,505000],[333000,505000],[333000,550000],[293000,550000],[293000,505000]]
 83  .  [[333000, 505000], [373000, 550000]]            1800  Penrith                            [[333000,505000],[373000,505000],[373000,550000],[333000,550000],[333000,505000]]
 84  .  [[373000, 505000], [413000, 550000]]            1800  Teesdale                           [[373000,505000],[413000,505000],[413000,550000],[373000,550000],[373000,505000]]
 85  .  [[413000, 505000], [453550, 550000]]     1800.736125  Durham                             [[413000,505000],[453000,505000],[453000,531150],[453300,531450],[453315,531550],[453000,532000],[453000,532900],[453200,533100],[453445,533100],[453550,533200],[453550,533300],[453440,533750],[453440,534000],[453000,534600],[453000,550000],[413000,550000],[413000,505000]]
 86  .  [[453000, 485000], [493100, 530000]]        1800.072  Redcar & Whitby                    [[453000,485000],[493000,485000],[493000,506200],[493100,506450],[493080,506800],[493070,507150],[493000,507200],[493000,530000],[453000,530000],[453000,485000]]
 87  .  [[212000, 462000], [252000, 507000]]            1800  Isle of Man                        [[212000,462000],[252000,462000],[252000,507000],[212000,507000],[212000,462000]]
 88  .  [[300000, 460000], [340000, 505000]]            1800  Barrow in Furness                  [[300000,460000],[340000,460000],[340000,505000],[300000,505000],[300000,460000]]
 89  .  [[330000, 460000], [370000, 505000]]            1800  Lancaster and Kendal               [[330000,460000],[370000,460000],[370000,505000],[330000,505000],[330000,460000]]
 90  .  [[370000, 460000], [410000, 505000]]            1800  Wensleydale                        [[370000,460000],[410000,460000],[410000,505000],[370000,505000],[370000,460000]]
 91  .  [[410000, 460000], [450000, 505000]]            1800  Ripon                              [[410000,460000],[450000,460000],[450000,505000],[410000,505000],[410000,460000]]
 92  .  [[450000, 460000], [490000, 505000]]            1800  Pickering                          [[450000,460000],[490000,460000],[490000,505000],[450000,505000],[450000,460000]]
 93  .  [[487000, 465000], [527000, 510000]]            1800  Scarborough                        [[487000,465000],[527000,465000],[527000,510000],[487000,510000],[487000,465000]]
 94  .  [[329050, 420000], [370000, 465000]]     1805.058125  Preston                            [[330000,420000],[370000,420000],[370000,465000],[330000,465000],[330000,438100],[329075,431125],[329050,431000],[329250,430000],[329300,429300],[329500,428850],[330000,428500],[330000,420000]]
 95  .  [[360000, 415000], [400000, 460000]]            1800  Blackburn & Burnley                [[360000,415000],[400000,415000],[400000,460000],[360000,460000],[360000,415000]]
 96  .  [[400000, 415000], [440000, 460550]]     1801.017001  Leeds & Bradford                   [[400000,415000],[440000,415000],[440000,460000],[424595,460000],[424475,460065],[424330,460105],[424120,460290],[423790,460450],[423200,460550],[422789,460526],[422171,460131],[422184,460210],[422157,460263],[422000,460223],[421500,460080],[421500,460000],[400000,460000],[400000,415000]]
 97  .  [[440000, 419860], [480000, 465000]]        1800.112  York                               [[440000,420000],[442000,420000],[443000,419860],[443100,419860],[443500,420000],[480000,420000],[480000,465000],[440000,465000],[440000,420000]]
 98  .  [[460000, 420000], [500000, 465000]]            1800  Market Weighton                    [[460000,420000],[500000,420000],[500000,465000],[460000,465000],[460000,420000]]
 99  .  [[500000, 420000], [540500, 465000]]       1800.2125  Hull                               [[500000,420000],[540000,420000],[540500,420025],[540000,420850],[540000,465000],[500000,465000],[500000,420000]]
100  .  [[318230, 375000], [360000, 420000]]       1807.0733  Liverpool                          [[320000,375000],[360000,375000],[360000,420000],[320000,420000],[320000,392050],[319510,391800],[319250,391000],[319150,390000],[319000,389300],[318760,388800],[318300,388500],[318230,388290],[318230,387620],[318260,387080],[319100,386000],[320000,385680],[320000,375000]]
101  .  [[360000, 375000], [400000, 420000]]            1800  Manchester                         [[360000,375000],[400000,375000],[400000,420000],[360000,420000],[360000,375000]]
102  .  [[400000, 385000], [440000, 430000]]            1800  Huddersfield                       [[400000,385000],[440000,385000],[440000,430000],[400000,430000],[400000,385000]]
103  .  [[434860, 375000], [475000, 420200]]      1800.48125  Doncaster                          [[435000,375000],[475000,375000],[475000,420000],[442650,420000],[442650,420050],[442500,420100],[442000,420200],[441200,420200],[441000,420180],[440900,420150],[440050,420150],[440030,420000],[435000,420000],[435000,380000],[434950,379500],[434860,379200],[435000,379050],[435000,375000]]
104  .  [[475000, 374860], [515000, 420000]]        1800.118  Gainsborough                       [[475000,375000],[490400,375000],[490600,374950],[490900,374950],[491700,374860],[491950,374970],[492000,375000],[515000,375000],[515000,420000],[475000,420000],[475000,375000]]
105  .  [[515000, 375000], [556000, 420000]]        1801.504  Grimsby                            [[515000,375000],[556000,375000],[555790,375685],[555800,375900],[555000,377700],[555000,420000],[515000,420000],[515000,375000]]
106  .  [[219765, 353000], [261290, 398000]]     1804.804125  Anglesey                           [[221000,353000],[261000,353000],[261000,376500],[261130,377000],[261130,377200],[261290,377650],[261290,379800],[261200,380000],[261000,380080],[261000,398000],[221000,398000],[221000,384200],[220710,384000],[220315,383500],[219870,383000],[219765,382800],[219765,382450],[220130,381500],[220315,380800],[220315,380000],[220400,379500],[220660,379300],[221000,378900],[221000,353000]]
106  a  [[261000, 376000], [266300, 383000]]           35.18  -                                  [[261000,376000],[266000,376000],[266000,378100],[266300,378300],[266000,379300],[266000,383000],[261000,383000],[261000,376000]]
107  .  [[247920, 339890], [288000, 385000]]     1800.049325  Snowdon                            [[248000,340000],[263920,340000],[264040,339900],[264145,339920],[264265,339890],[264310,340000],[288000,340000],[288000,385000],[248000,385000],[248000,345100],[247920,345000],[248000,344600],[248000,340000]]
108  .  [[288000, 340000], [328000, 386000]]       1804.2511  Denbigh                            [[288000,340000],[328000,340000],[328000,385000],[315000,385000],[314385,385615],[313000,385820],[311500,386000],[310000,385615],[308400,385000],[288000,385000],[288000,340000]]
109  .  [[318230, 345000], [360000, 390000]]      1805.71605  Chester                            [[320000,345000],[360000,345000],[360000,390000],[319150,390000],[319000,389300],[318760,388800],[318300,388500],[318230,388290],[318230,387620],[318260,387080],[319100,386000],[320000,385680],[320000,345000]]
110  .  [[359900, 330000], [400000, 375000]]       1800.0355  Stoke on Trent                     [[360000,330000],[400000,330000],[400000,375000],[360000,375000],[360000,343600],[359950,343450],[359900,343080],[360000,343000],[360000,330000]]
111  .  [[400000, 344900], [440000, 390000]]       1800.0333  Buxton & Matlock                   [[400000,345000],[430600,345000],[430800,344920],[431000,344950],[431100,344920],[431120,344900],[431200,345000],[440000,345000],[440000,390000],[400000,390000],[400000,345000]]
112  .  [[439700, 330000], [480000, 375000]]      1800.36625  Nottingham                         [[440000,330000],[480000,330000],[480000,375000],[440000,375000],[440000,351100],[439740,351000],[439700,350800],[439750,350250],[439830,350000],[440000,348900],[440000,330000]]
113  .  [[480000, 330000], [520000, 375265]]    1800.3926725  Lincoln & Grantham                 [[480000,330000],[520000,330000],[520000,375000],[492000,375000],[491900,375100],[491870,375100],[491820,375000],[491100,375000],[490800,375100],[489920,375210],[489919,375265],[489300,375265],[489100,375200],[488900,375000],[480000,375000],[480000,330000]]
114  .  [[520000, 330000], [560000, 375000]]            1800  Boston & Skegness                  [[520000,330000],[560000,330000],[560000,375000],[520000,375000],[520000,330000]]
115  .  [[210000, 320000], [250000, 365000]]            1800  Pwllheli                           [[210000,320000],[250000,320000],[250000,365000],[210000,365000],[210000,320000]]
116  .  [[247950, 308000], [288000, 353000]]       1800.0135  Dolgellau                          [[248000,308000],[288000,308000],[288000,353000],[248000,353000],[248000,345100],[247950,345050],[247950,344960],[248000,344650],[248000,308000]]
117  .  [[288000, 300000], [328000, 345000]]            1800  Bala & Welshpool                   [[288000,300000],[328000,300000],[328000,345000],[288000,345000],[288000,300000]]
118  .  [[328000, 299630], [368140, 345000]]      1801.22981  Shrewsbury                         [[328000,300000],[361500,300000],[361600,299800],[361800,299700],[362000,299630],[364500,299630],[365400,300000],[368000,300000],[368000,303240],[368120,303240],[368140,303320],[368000,303333],[368000,345000],[328000,345000],[328000,300000]]
119  .  [[359900, 299630], [400080, 345000]]      1801.31495  Stafford                           [[360000,300000],[361500,300000],[361600,299800],[361800,299700],[362000,299630],[364500,299630],[365400,300000],[400000,300000],[400000,323100],[400050,323200],[400080,323820],[400030,323940],[400030,324300],[400000,324350],[400000,345000],[360000,345000],[360000,343600],[359950,343450],[359900,343080],[360000,343000],[360000,300000]]
120  .  [[399570, 300000], [440000, 345000]]      1800.49935  Burton upon Trent                  [[400000,300000],[440000,300000],[440000,345000],[400000,345000],[400000,323200],[399600,323040],[399570,322870],[399750,322000],[399830,321600],[400000,321400],[400000,300000]]
121  .  [[428000, 300000], [468000, 345000]]            1800  Derby & Leicester                  [[428000,300000],[468000,300000],[468000,345000],[428000,345000],[428000,300000]]
122  .  [[454220, 299500], [495000, 345000]]      1803.37385  Melton Mowbray                     [[455000,300000],[486000,300000],[485790,299500],[487000,299500],[487500,300000],[495000,300000],[495000,345000],[455000,345000],[455000,342900],[454920,342900],[454315,342000],[454315,340500],[454220,340400],[454235,340000],[454340,339600],[454395,339000],[454500,338660],[455000,338300],[455000,300000]]
123  .  [[495000, 300000], [535000, 345000]]            1800  Spalding                           [[495000,300000],[535000,300000],[535000,345000],[495000,345000],[495000,300000]]
124  .  [[535000, 300000], [575000, 346000]]    1803.9726625  Kings Lynn                         [[535000,300000],[575000,300000],[575000,345500],[574420,345630],[573895,345950],[573550,345920],[573475,345975],[573000,345870],[572000,345850],[570800,345765],[570765,346000],[570700,345800],[569500,345000],[535000,345000],[535000,300000]]
125  .  [[575000, 302000], [615000, 347710]]      1804.22945  Fakenham                           [[575000,302000],[615000,302000],[615000,347000],[600700,347000],[600000,347250],[599300,347263],[598200,347080],[597700,347000],[595500,347265],[594500,347370],[591400,347710],[590900,347710],[590500,347690],[589500,347395],[588800,347000],[581200,347000],[580400,347100],[579600,347100],[578900,347000],[575000,347000],[575000,302000]]
126  .  [[615000, 302000], [655000, 347000]]            1800  Norwich                            [[615000,302000],[655000,302000],[655000,347000],[615000,347000],[615000,302000]]
127  .  [[248000, 263000], [288000, 308000]]            1800  Aberystwyth                        [[248000,263000],[288000,263000],[288000,308000],[248000,308000],[248000,263000]]
128  .  [[288000, 255000], [328000, 300000]]            1800  Montgomery and Llandrindod Wells   [[288000,255000],[328000,255000],[328000,300000],[288000,300000],[288000,255000]]
129  .  [[328000, 255000], [368000, 300240]]       1800.1134  Ludlow                             [[328000,255000],[368000,255000],[368000,300000],[362580,300000],[362580,300240],[362265,300240],[361950,300000],[328000,300000],[328000,255000]]
130  .  [[360000, 255000], [400000, 300240]]       1800.1134  Kidderminster                      [[360000,255000],[400000,255000],[400000,300000],[362580,300000],[362580,300240],[362265,300240],[361950,300000],[360000,300000],[360000,255000]]
131  .  [[388000, 255000], [428000, 300000]]            1800  Birmingham                         [[388000,255000],[428000,255000],[428000,300000],[388000,300000],[388000,255000]]
132  .  [[428000, 255000], [468000, 300000]]            1800  Coventry & Rugby                   [[428000,255000],[468000,255000],[468000,300000],[428000,300000],[428000,255000]]
133  .  [[455000, 255000], [495000, 300000]]            1800  Northampton                        [[455000,255000],[495000,255000],[495000,300000],[455000,300000],[455000,255000]]
134  .  [[495000, 255000], [535000, 300000]]            1800  Huntingdon & Peterborough          [[495000,255000],[535000,255000],[535000,300000],[495000,300000],[495000,255000]]
135  .  [[535000, 255000], [575000, 300000]]            1800  Cambridge & Ely                    [[535000,255000],[575000,255000],[575000,300000],[535000,300000],[535000,255000]]
136  .  [[575000, 257000], [615000, 302000]]            1800  Bury St Edmunds                    [[575000,257000],[615000,257000],[615000,302000],[575000,302000],[575000,257000]]
137  .  [[615000, 257000], [656240, 302000]]       1805.0216  Lowestoft                          [[615000,257000],[655000,257000],[655000,291600],[655580,292000],[656000,292280],[656240,292850],[656240,294500],[655300,297000],[655000,297500],[655000,302000],[615000,302000],[615000,257000]]
138  .  [[164240, 205000], [208000, 250000]]     1818.306475  Fishguard                          [[168000,205000],[208000,205000],[208000,250000],[168000,250000],[168000,228400],[167900,228340],[167500,228500],[167260,228520],[167000,228475],[166750,228250],[166250,228250],[166000,228090],[165920,228000],[165710,227500],[165340,225500],[165185,224500],[164950,224000],[164500,223400],[164240,222600],[164240,222450],[164335,222000],[165000,221350],[165280,221330],[166100,222000],[166400,222250],[168000,222250],[168000,205000]]
139  .  [[208000, 218000], [248000, 264300]]       1802.0709  Cardigan                           [[208000,218000],[248000,218000],[248000,264300],[247800,264300],[247600,264000],[247000,263800],[246200,263740],[245355,263250],[245302,263000],[208000,263000],[208000,218000]]
140  .  [[248000, 218000], [288000, 263000]]            1800  Llandovery                         [[248000,218000],[288000,218000],[288000,263000],[248000,263000],[248000,218000]]
141  .  [[288000, 209660], [328000, 255000]]     1800.180375  Brecon                             [[288000,210000],[313880,210000],[314355,209700],[314400,209660],[314525,209660],[314630,209750],[314800,210000],[328000,210000],[328000,255000],[288000,255000],[288000,210000]]
142  .  [[328000, 210000], [368000, 255000]]            1800  Hereford                           [[328000,210000],[368000,210000],[368000,255000],[328000,255000],[328000,210000]]
143  .  [[360000, 210000], [400000, 255000]]            1800  Gloucester & Malvern               [[360000,210000],[400000,210000],[400000,255000],[360000,255000],[360000,210000]]
144  .  [[388000, 210000], [428000, 255000]]            1800  Cheltenham & Evesham               [[388000,210000],[428000,210000],[428000,255000],[388000,255000],[388000,210000]]
145  .  [[428000, 210000], [468000, 255000]]            1800  Banbury                            [[428000,210000],[468000,210000],[468000,255000],[428000,255000],[428000,210000]]
146  .  [[455000, 210000], [495000, 255000]]            1800  Buckingham                         [[455000,210000],[495000,210000],[495000,255000],[455000,255000],[455000,210000]]
147  .  [[495000, 210000], [535000, 255000]]            1800  Bedford & Luton                    [[495000,210000],[535000,210000],[535000,255000],[495000,255000],[495000,210000]]
148  .  [[535000, 210000], [575000, 255000]]            1800  Saffron Walden                     [[535000,210000],[575000,210000],[575000,255000],[535000,255000],[535000,210000]]
149  .  [[570000, 212000], [610000, 257000]]            1800  Colchester                         [[570000,212000],[610000,212000],[610000,257000],[570000,257000],[570000,212000]]
150  .  [[610000, 212000], [650000, 257000]]            1800  Ipswich                            [[610000,212000],[650000,212000],[650000,257000],[610000,257000],[610000,212000]]
151  .  [[164240, 190000], [208000, 235000]]     1818.306475  Pembroke                           [[168000,190000],[208000,190000],[208000,235000],[168000,235000],[168000,228400],[167900,228340],[167500,228500],[167260,228520],[167000,228475],[166750,228250],[166250,228250],[166000,228090],[165920,228000],[165710,227500],[165340,225500],[165185,224500],[164950,224000],[164500,223400],[164240,222600],[164240,222450],[164335,222000],[165000,221350],[165280,221330],[166100,222000],[166400,222250],[168000,222250],[168000,190000]]
151  a  [[145935, 205420], [161050, 211195]]      77.3075625  -                                  [[145935,206015],[160830,205420],[161050,210595],[146130,211195],[145935,206015]]
152  .  [[208000, 180000], [248000, 225000]]            1800  Carmarthen and Tenby               [[208000,180000],[248000,180000],[248000,225000],[208000,225000],[208000,180000]]
153  .  [[248000, 173000], [288000, 218000]]            1800  Swansea                            [[248000,173000],[288000,173000],[288000,218000],[248000,218000],[248000,173000]]
154  .  [[288000, 164485], [328000, 210000]]    1800.3716625  Cardiff                            [[288000,165000],[321660,165000],[321670,164680],[321770,164630],[322000,164510],[322255,164485],[322385,164590],[322395,164820],[322900,165000],[328000,165000],[328000,210000],[288000,210000],[288000,165000]]
155  .  [[328000, 165000], [368000, 210000]]            1800  Bristol & Newport                  [[328000,165000],[368000,165000],[368000,210000],[328000,210000],[328000,165000]]
156  .  [[352395, 164065], [393660, 210000]]     1805.770675  Bristol & Stroud                   [[353000,165000],[371920,165000],[372100,164745],[372565,164410],[373000,164160],[373500,164065],[374300,164065],[375525,164130],[375660,164170],[375790,164240],[375920,164330],[376080,164590],[376080,165000],[393000,165000],[393000,184900],[393330,185500],[393395,186100],[393550,186330],[393660,187000],[393550,187395],[393235,188000],[393110,188630],[393000,188640],[393000,210000],[353000,210000],[353000,204500],[352395,204150],[352395,203850],[352670,203145],[352580,202670],[353000,202100],[353000,201100],[352900,201090],[352700,200670],[352800,200250],[353000,200000],[353000,165000]]
157  .  [[388000, 165000], [428000, 210000]]            1800  Swindon                            [[388000,165000],[428000,165000],[428000,210000],[388000,210000],[388000,165000]]
158  .  [[428000, 165000], [468000, 210560]]       1801.2762  Oxford & Newbury                   [[428000,165000],[468000,165000],[468000,210000],[436900,210000],[436315,210550],[436000,210560],[435150,210400],[434400,210500],[434100,210450],[434000,210400],[433950,210000],[428000,210000],[428000,165000]]
159  .  [[463000, 172000], [503000, 218000]]      1805.19875  The Chilterns                      [[463000,173000],[467900,173000],[468150,172600],[468550,172250],[469000,172000],[472500,172000],[474550,173000],[503000,173000],[503000,218000],[463000,218000],[463000,173000]]
160  .  [[495000, 180000], [535000, 225000]]            1800  London NW                          [[495000,180000],[535000,180000],[535000,225000],[495000,225000],[495000,180000]]
161  .  [[535000, 170000], [575000, 215000]]            1800  London NE                          [[535000,170000],[575000,170000],[575000,215000],[535000,215000],[535000,170000]]
162  .  [[570000, 180000], [610000, 226300]]      1804.11175  Southend-on-Sea                    [[570000,180000],[610000,180000],[610000,225000],[601700,225000],[601200,225600],[600900,225800],[600630,226000],[600500,226150],[600360,226300],[600000,226200],[599300,226180],[599000,226050],[598600,225800],[598250,225700],[597800,225600],[597300,225500],[596900,225400],[596800,225280],[596300,225200],[595840,225000],[570000,225000],[570000,180000]]
163  .  [[240000, 110000], [280000, 155000]]            1800  Barnstaple                         [[240000,110000],[280000,110000],[280000,155000],[240000,155000],[240000,110000]]
163  a  [[211500, 142500], [216500, 148500]]              30  -                                  [[211500,142500],[216500,142500],[216500,148500],[211500,148500],[211500,142500]]
164  .  [[280000, 110000], [320000, 155000]]            1800  Minehead                           [[280000,110000],[320000,110000],[320000,155000],[280000,155000],[280000,110000]]
165  .  [[320000, 130000], [360000, 175000]]            1800  Weston-super-Mare                  [[320000,130000],[360000,130000],[360000,175000],[320000,175000],[320000,130000]]
166  .  [[353000, 120000], [393000, 165000]]            1800  Frome                              [[353000,120000],[393000,120000],[393000,165000],[353000,165000],[353000,120000]]
167  .  [[388000, 120000], [428000, 165000]]            1800  Salisbury                          [[388000,120000],[428000,120000],[428000,165000],[388000,165000],[388000,120000]]
168  .  [[428000, 120000], [468000, 165000]]            1800  Winchester                         [[428000,120000],[468000,120000],[468000,165000],[428000,165000],[428000,120000]]
169  .  [[463000, 127500], [503000, 174250]]        1806.807  Aldershot                          [[463000,128000],[477250,128000],[477100,127700],[477650,127500],[477800,127500],[478300,127600],[478450,127900],[478600,128000],[503000,128000],[503000,173000],[474300,173000],[473550,174000],[472000,174000],[471750,174100],[471340,174100],[471320,174000],[470800,174000],[470000,174250],[470000,174000],[469000,174000],[468300,173900],[468000,173700],[467200,173000],[463000,173000],[463000,128000]]
170  .  [[495000, 135000], [535180, 180000]]       1800.2587  London SW                          [[495000,135000],[535000,135000],[535000,151400],[535150,151450],[535180,152200],[535100,153130],[535000,153150],[535000,180000],[495000,180000],[495000,135000]]
171  .  [[535000, 135000], [575000, 180000]]            1800  London SE                          [[535000,135000],[575000,135000],[575000,180000],[535000,180000],[535000,135000]]
172  .  [[570000, 135000], [610000, 180000]]            1800  Chatham & Maidstone                [[570000,135000],[610000,135000],[610000,180000],[570000,180000],[570000,135000]]
173  .  [[602000, 128000], [642500, 173000]]       1800.4055  East Kent                          [[602000,128000],[642000,128000],[642000,144300],[642330,144500],[642500,144800],[642500,144960],[642400,145200],[642000,145500],[642000,173000],[602000,173000],[602000,128000]]
174  .  [[200000, 84235], [240000, 130000]]        1803.1085  Bude                               [[200000,85000],[230000,85000],[231000,84770],[232000,84500],[233000,84260],[233600,84235],[233950,84235],[234250,84245],[235000,84315],[235500,84500],[236000,84800],[236500,85000],[240000,85000],[240000,130000],[200000,130000],[200000,85000]]
175  .  [[240000, 70000], [280000, 115000]]             1800  Okehampton                         [[240000,70000],[280000,70000],[280000,115000],[240000,115000],[240000,70000]]
176  .  [[280000, 70000], [320000, 115000]]             1800  Exeter                             [[280000,70000],[320000,70000],[320000,115000],[280000,115000],[280000,70000]]
177  .  [[320000, 85000], [360000, 130000]]             1800  Taunton & Lyme Regis               [[320000,85000],[360000,85000],[360000,130000],[320000,130000],[320000,85000]]
178  .  [[353000, 74100], [393000, 120000]]          1802.94  Dorchester                         [[353000,75000],[366300,75000],[368200,74100],[369500,74100],[370000,74200],[370300,74300],[370800,74700],[370900,75000],[393000,75000],[393000,120000],[353000,120000],[353000,75000]]
178  a  [[367000, 68150], [371000, 74900]]          26.11275  -                                  [[367000,68300],[367400,68300],[367500,68150],[369250,68150],[369250,68300],[371000,68300],[371000,74750],[369150,74750],[369060,74900],[368840,74900],[368800,74750],[367000,74750],[367000,68300]]
179  .  [[388000, 75000], [428000, 120000]]             1800  Bournemouth                        [[388000,75000],[428000,75000],[428000,120000],[388000,120000],[388000,75000]]
180  .  [[428000, 75000], [468000, 120000]]             1800  The Solent                         [[428000,75000],[468000,75000],[468000,120000],[428000,120000],[428000,75000]]
181  .  [[462000, 90000], [503000, 135000]]           1803.5  Chichester                         [[463000,90000],[503000,90000],[503000,135000],[463000,135000],[463000,102000],[462000,102000],[462000,98500],[463000,98500],[463000,90000]]
182  .  [[495000, 99160], [535000, 145000]]        1802.2214  Brighton & Worthing                [[495000,100000],[495000,99160],[495500,99263],[495750,99342],[496000,99265],[496400,99250],[497000,99447],[497500,99580],[498000,99630],[498300,99620],[499550,100000],[535000,100000],[535000,145000],[495000,145000],[495000,100000]]
183  .  [[535000, 93000], [575000, 139000]]      1801.238175  Eastbourne                         [[535000,93000],[575000,93000],[575000,138000],[540160,138000],[539815,138685],[539250,139000],[539000,139000],[538650,138790],[538550,138550],[538500,138000],[535000,138000],[535000,93000]]
184  .  [[570000, 105000], [610000, 150000]]            1800  Hastings                           [[570000,105000],[610000,105000],[610000,150000],[570000,150000],[570000,105000]]
185  .  [[169184, 50000], [210120, 95000]]        1801.21547  Newquay & Padstow                  [[170000,50000],[210000,50000],[210000,83000],[210100,83100],[210120,83460],[210060,84000],[210000,84360],[210000,84780],[210080,85080],[210070,85700],[210000,85800],[210000,95000],[170000,95000],[170000,53400],[169940,53300],[169940,53200],[170000,53070],[170000,51950],[169592,51789],[169500,51500],[169539,51170],[169538,51000],[169368,50500],[169184,50000],[170000,50000]]
186  .  [[200000, 45000], [240000, 90000]]              1800  Bodmin & Launceston                [[200000,45000],[240000,45000],[240000,90000],[200000,90000],[200000,45000]]
187  .  [[240000, 34315], [280000, 80000]]          1801.467  Plymouth                           [[240000,35000],[276800,35000],[276820,34750],[277000,34600],[277315,34315],[278000,34400],[279000,34600],[279350,34500],[279900,35000],[280000,35000],[280000,80000],[240000,80000],[240000,35000]]
188  .  [[260000, 34315], [300000, 80000]]          1801.467  Torbay                             [[260000,35000],[276800,35000],[276820,34750],[277000,34600],[277315,34315],[278000,34400],[279000,34600],[279350,34500],[279900,35000],[300000,35000],[300000,80000],[260000,80000],[260000,35000]]
189  .  [[131000, 10000], [171000, 55000]]              1800  Lands End                          [[131000,10000],[171000,10000],[171000,55000],[131000,55000],[131000,10000]]
189  a  [[80000, 5000], [97000, 18500]]                205.7  -                                  [[80000,5000],[97000,5000],[97000,18500],[85600,18500],[80000,10000],[80000,5000]]
190  .  [[170000, 10000], [210000, 55000]]              1800  Truro & Falmouth                   [[170000,10000],[210000,10000],[210000,55000],[170000,55000],[170000,10000]]
